#! FIELDS time d1 sigma_d1 height biasf
#! SET multivariate false
#! SET kerneltype gaussian
                    0.2      1.675650338209918                    0.2    0.02105263157894737                     20
                    0.4      1.565629759426073                    0.2    0.02032854450553688                     20
                    0.6      1.650173543980173                    0.2    0.01950519013844606                     20
                    0.8      1.518678205429711                    0.2    0.01907660647847069                     20
                      1      1.597013064489848                    0.2    0.01817258321530511                     20
                    1.2      1.569162290789282                    0.2    0.01758566014973267                     20
                    1.4      1.579241820594304                    0.2    0.01697785111684003                     20
                    1.6      1.634092385499161                    0.2    0.01649119981911836                     20
                    1.8      1.697825691741066                    0.2    0.01639732504315547                     20
                      2      1.508440470339155                    0.2    0.01600275174275659                     20
                    2.2      1.677985531822262                    0.2    0.01538552837425296                     20
                    2.4      1.525147004671405                    0.2    0.01502500695085676                     20
                    2.6      1.516952262128485                    0.2    0.01467317745815116                     20
                    2.8      1.672078681807075                    0.2    0.01425786108619326                     20
                      3      1.576826143898739                    0.2    0.01355904483357849                     20
                    3.2      1.538288946792019                    0.2    0.01342430925619868                     20
                    3.4      1.503749019766168                    0.2    0.01343471962924771                     20
                    3.6      1.566987235307095                    0.2    0.01259303626176378                     20
                    3.8      1.607538398143785                    0.2    0.01227803718225501                     20
                      4      1.581171514933054                    0.2    0.01197270383289804                     20
                    4.2      1.608197335818279                    0.2    0.01171969069121512                     20
                    4.4      1.597466285077603                    0.2    0.01143576535770845                     20
      4.600000000000001      1.525870195474714                    0.2    0.01151988123443211                     20
                    4.8      1.643928503719372                    0.2    0.01119866256181357                     20
                      5      1.653155342777316                    0.2    0.01104649328367763                     20
                    5.2      1.508208623424261                    0.2     0.0110892947232567                     20
                    5.4      1.648216266337647                    0.2    0.01058620620702022                     20
      5.600000000000001      1.523909504819598                    0.2    0.01048443437230353                     20
                    5.8      1.719095757590803                    0.2     0.0112977035192894                     20
                      6      1.490347912811801                    0.2    0.01061443752907951                     20
                    6.2       1.63841031499119                    0.2   0.009755777904166728                     20
                    6.4      1.622705393487084                    0.2   0.009468897400663897                     20
      6.600000000000001      1.506339843031678                    0.2   0.009847702674571393                     20
                    6.8      1.613325213233825                    0.2   0.009103892739849014                     20
                      7      1.545550263036205                    0.2   0.009078093157297429                     20
                    7.2      1.504690941620425                    0.2   0.009377004095511022                     20
                    7.4      1.623302892414438                    0.2   0.008713831375409251                     20
      7.600000000000001       1.54445000289678                    0.2   0.008635581709806536                     20
                    7.8      1.505651498885805                    0.2   0.008917969835365962                     20
                      8      1.592207884986142                    0.2   0.008199120130187173                     20
      8.199999999999999      1.536007017940273                    0.2   0.008290859101044747                     20
                    8.4      1.961498886086705                    0.2    0.01728555967449365                     20
                    8.6       2.18793920838068                    0.2    0.02035789383122824                     20
      8.800000000000001      2.127280490416069                    0.2     0.0191166774414505                     20
                      9      2.168194107523394                    0.2    0.01875021767299945                     20
      9.200000000000001      2.214709213565797                    0.2    0.01841546947196643                     20
                    9.4       2.11353577755351                    0.2    0.01712519314818796                     20
                    9.6       2.53532897275027                    0.2    0.02034820462545877                     20
      9.800000000000001      5.002622879892911                    0.2    0.02105263157894737                     20
                     10      4.198022369007882                    0.2    0.02105263157894737                     20
                   10.2      4.715409302222829                    0.2    0.02071940794702853                     20
                   10.4      4.380532534103999                    0.2     0.0202871320178856                     20
                   10.6      4.186462429434025                    0.2    0.01970078923436377                     20
                   10.8      4.706405824925298                    0.2    0.01968947147080895                     20
                     11       5.18389020987402                    0.2     0.0203940054381096                     20
                   11.2      3.843110424408799                    0.2     0.0206724523069453                     20
                   11.4      4.220601267613126                    0.2    0.01872597976463791                     20
                   11.6      4.975258067795993                    0.2    0.01911864676455215                     20
                   11.8      5.039506654456257                    0.2     0.0185601395505021                     20
                     12      5.112473351993503                    0.2    0.01820610942557743                     20
                   12.2       5.03386342748469                    0.2    0.01731715023900809                     20
                   12.4      4.385913425424047                    0.2    0.01835044149793767                     20
                   12.6       5.22805901669272                    0.2    0.01806252400867437                     20
                   12.8      5.023569684077903                    0.2    0.01638996103320031                     20
                     13      4.723494734631982                    0.2    0.01773107657770838                     20
                   13.2      4.432962462479652                    0.2    0.01764916515301198                     20
                   13.4      4.835077441087069                    0.2    0.01636746014241151                     20
                   13.6       4.70788189794775                    0.2    0.01655789385789824                     20
                   13.8      4.460638301030226                    0.2    0.01676068870425241                     20
                     14      5.089196599056759                    0.2    0.01555530256753783                     20
                   14.2      4.982145775391731                    0.2    0.01475541136542756                     20
                   14.4      3.549782206681265                    0.2    0.02075531468150866                     20
                   14.6      3.794592817973579                    0.2     0.0195552716884569                     20
                   14.8      3.986366783653585                    0.2    0.01833088364074984                     20
                     15      3.477673465787931                    0.2    0.01987951549590411                     20
                   15.2      3.203547897700071                    0.2    0.02053563580378772                     20
                   15.4      3.882139997809156                    0.2    0.01800153185740559                     20
                   15.6      4.717599242373871                    0.2    0.01549380322046734                     20
                   15.8      4.374531743594105                    0.2    0.01607506325115812                     20
                     16      4.474674866939536                    0.2    0.01549618847996592                     20
                   16.2      4.690365435287688                    0.2    0.01478856320629518                     20
                   16.4      3.229001201254092                    0.2    0.01963915684367154                     20
                   16.6      3.963902111146612                    0.2    0.01710686860045059                     20
                   16.8      3.849271694983122                    0.2    0.01696304229576548                     20
                     17      3.247646682293952                    0.2    0.01883686711512578                     20
                   17.2      4.640072402933582                    0.2    0.01448593578910319                     20
                   17.4      5.027226728081124                    0.2    0.01410412005054512                     20
                   17.6      5.290755065142751                    0.2    0.01716819519725774                     20
                   17.8      4.239620437214272                    0.2    0.01535395371537441                     20
                     18      3.717119265313058                    0.2    0.01707789775321175                     20
                   18.2      3.380568127541945                    0.2    0.01782455385305159                     20
                   18.4       4.21382112818577                    0.2    0.01498924783417488                     20
                   18.6      5.217742628863186                    0.2     0.0154145208527714                     20
                   18.8      5.049074167879027                    0.2    0.01335363001632648                     20
                     19      4.246006079110713                    0.2    0.01444462898452143                     20
                   19.2      4.836109133186699                    0.2    0.01324541036810702                     20
                   19.4      5.188245842559068                    0.2    0.01418021445734629                     20
                   19.6      5.219917627121031                    0.2    0.01427588676092562                     20
                   19.8      4.571327504139546                    0.2     0.0137428504902229                     20
                     20      4.679890044785245                    0.2     0.0131553273528261                     20
                   20.2      3.730318527745803                    0.2    0.01628358002055854                     20
                   20.4      4.278327159273718                    0.2    0.01376313213657849                     20
                   20.6        5.2213003284094                    0.2    0.01389791932962096                     20
                   20.8      4.472701898466751                    0.2    0.01307037614765812                     20
                     21      3.862787696869038                    0.2    0.01522777459192036                     20
                   21.2       3.72220921108885                    0.2    0.01545023126266667                     20
                   21.4      3.755650596821968                    0.2    0.01480920654367589                     20
                   21.6      3.828624400811094                    0.2    0.01413796194392084                     20
                   21.8      4.183885020330443                    0.2    0.01347183573725828                     20
                     22      3.433875774920877                    0.2    0.01656141728373606                     20
                   22.2      3.091097372661797                    0.2    0.01866134656317068                     20
                   22.4      3.400054502087768                    0.2    0.01604356482394571                     20
                   22.6      4.212758012220863                    0.2    0.01301387745763106                     20
                   22.8      5.037887031992613                    0.2    0.01198459901179484                     20
                     23      4.589259206851596                    0.2    0.01255170367545587                     20
                   23.2      4.806470104038712                    0.2    0.01204317311357209                     20
                   23.4      2.839334982794342                    0.2    0.02003871688060861                     20
                   23.6      3.525515319972649                    0.2    0.01504182627333842                     20
                   23.8      2.840029862953989                    0.2    0.01927324216482199                     20
                     24      3.994318136783322                    0.2    0.01335858036151288                     20
                   24.2      3.720570792432911                    0.2    0.01353189765628494                     20
                   24.4      4.514056049668826                    0.2    0.01213077372375869                     20
                   24.6      4.795703417008581                    0.2    0.01168604010590864                     20
                   24.8      3.518093343201824                    0.2    0.01439364863066308                     20
                     25      3.542245540359062                    0.2    0.01386006296909813                     20
                   25.2      3.970151419190531                    0.2    0.01281146088272895                     20
                   25.4      4.329155783601529                    0.2    0.01192747307067512                     20
                   25.6      5.138011653751879                    0.2    0.01210827579390435                     20
                   25.8      4.060426899103189                    0.2     0.0123959333451078                     20
                     26      3.494737476926391                    0.2    0.01374531734652367                     20
                   26.2      3.498702329429891                    0.2    0.01335984132703973                     20
                   26.4      4.474973437215578                    0.2    0.01153660226575631                     20
                   26.6      4.817865157247934                    0.2    0.01125132882513039                     20
                   26.8       4.78046314532293                    0.2    0.01105190805297029                     20
                     27      3.460853217352946                    0.2    0.01326454713406676                     20
                   27.2      4.260011580443124                    0.2    0.01148294087374424                     20
                   27.4      5.160381361119097                    0.2    0.01197627989346892                     20
                   27.6      5.115081340323648                    0.2    0.01121161409485033                     20
                   27.8      5.183141684016608                    0.2    0.01176922232109635                     20
                     28      5.142299055022939                    0.2    0.01099393784112722                     20
                   28.2      5.233588590510988                    0.2     0.0121118506632701                     20
                   28.4        5.1939116317375                    0.2    0.01116791996400173                     20
                   28.6      5.160129666094587                    0.2    0.01049996088771982                     20
                   28.8      4.565714241611956                    0.2    0.01097599997862612                     20
                     29      4.085112217643414                    0.2    0.01181485798708198                     20
                   29.2      4.042716965301569                    0.2    0.01166001239925713                     20
                   29.4      3.722735709800377                    0.2    0.01189823098968094                     20
                   29.6       4.41307312612222                    0.2    0.01073431925968522                     20
                   29.8      4.643186373629077                    0.2     0.0105514402490738                     20
                     30      3.177193316714713                    0.2    0.01592175893172871                     20
                   30.2       2.77276890098745                    0.2    0.01872404710794251                     20
                   30.4      3.536737409098075                    0.2    0.01222617948209515                     20
                   30.6       4.03616791998835                    0.2    0.01128394277544358                     20
                   30.8      3.039439495283752                    0.2    0.01669624959323842                     20
                     31      3.406948678477193                    0.2    0.01271360260742513                     20
                   31.2      3.391043552836603                    0.2    0.01253053786365156                     20
                   31.4      5.273985877844681                    0.2    0.01219237341834249                     20
                   31.6      3.636523723397832                    0.2    0.01127979704851848                     20
                   31.8      5.129323417273053                    0.2   0.009811202697086229                     20
                     32      4.494581224348132                    0.2    0.01035674983373058                     20
                   32.2      3.967990159669665                    0.2    0.01106060818889119                     20
                   32.4      4.770487168719868                    0.2    0.01010976791429352                     20
                   32.6      3.391316548106573                    0.2    0.01209912084129135                     20
                   32.8      2.958724117802157                    0.2    0.01664138979531433                     20
                     33      2.903577552931675                    0.2     0.0165146879968348                     20
                   33.2       1.48443788691229                    0.2   0.008816866860029861                     20
                   33.4      1.546213863460761                    0.2   0.007904008841685888                     20
                   33.6      1.861721634382886                    0.2    0.01266858114721537                     20
                   33.8       1.52585090400416                    0.2   0.007914685225374194                     20
                     34      1.782805848929556                    0.2    0.01020804109996647                     20
                   34.2      1.851967855174189                    0.2    0.01183336255194761                     20
                   34.4      1.700635376985359                    0.2   0.008131863036628165                     20
                   34.6      1.970417903141768                    0.2    0.01420200492715547                     20
                   34.8      1.761319318699796                    0.2   0.009011610221931036                     20
                     35      1.502242745814988                    0.2   0.007843987585919671                     20
                   35.2      1.785563842190934                    0.2   0.009332601789171517                     20
                   35.4      2.326123496082011                    0.2    0.01764329544245087                     20
                   35.6      2.588243954868047                    0.2    0.01809456269414288                     20
                   35.8      2.606725908386623                    0.2     0.0174152228545255                     20
                     36      2.756851089487302                    0.2    0.01624205780098706                     20
                   36.2      3.226425414909136                    0.2    0.01334180905000948                     20
                   36.4      2.354624507199178                    0.2    0.01666355208352487                     20
                   36.6      1.627110593214333                    0.2   0.006936856741148152                     20
                   36.8      1.509620592413111                    0.2   0.007477361872726511                     20
                     37      1.640354127704988                    0.2   0.006824472907030759                     20
                   37.2       1.63277805202227                    0.2   0.006696518367078821                     20
                   37.4      1.497516660559393                    0.2   0.007404433930204456                     20
                   37.6      1.554649532617926                    0.2   0.006625251640211702                     20
                   37.8      1.558709107847709                    0.2   0.006513546121716492                     20
                     38      1.721260232166753                    0.2   0.007361411340410778                     20
                   38.2      1.588664233490075                    0.2   0.006240128569994164                     20
                   38.4      1.607462883324317                    0.2   0.006156336611614576                     20
                   38.6      2.215793984958836                    0.2    0.01549054077412724                     20
                   38.8      1.589805877099201                    0.2   0.006089169081397265                     20
                     39      1.505434385967596                    0.2   0.006723343876419251                     20
                   39.2      1.738619741152221                    0.2    0.00729775527849741                     20
                   39.4       2.11925374243045                    0.2    0.01448962587618541                     20
                   39.6      2.354864997161951                    0.2     0.0155380611324846                     20
                   39.8      2.201331402430896                    0.2    0.01424328801250031                     20
                     40      2.936663529499287                    0.2    0.01503945385597928                     20
                   40.2      2.431626273256499                    0.2    0.01527652734981023                     20
                   40.4      1.542915081004733                    0.2   0.006131858030631408                     20
                   40.6      1.501450704957817                    0.2   0.006572632710147603                     20
                   40.8      1.581838630641696                    0.2   0.005760491208536704                     20
                     41      1.635026681308278                    0.2   0.005757083430915111                     20
                   41.2      1.562375717092749                    0.2   0.005719076298065187                     20
                   41.4      1.559706452817201                    0.2   0.005671906719469418                     20
                   41.6      1.833428650873993                    0.2   0.008973369473079966                     20
                   41.8      1.657258981146768                    0.2   0.005656331043113061                     20
                     42      1.758804403194706                    0.2   0.007035124789988929                     20
                   42.2      2.253875188253843                    0.2    0.01379539339519296                     20
                   42.4      2.163998103555663                    0.2     0.0131218376883055                     20
                   42.6      2.298593309755879                    0.2    0.01338796548767387                     20
                   42.8      2.153726700360652                    0.2    0.01251302179540983                     20
                     43      2.069294125269027                    0.2    0.01202463862114633                     20
                   43.2      3.249654062462363                    0.2    0.01266542075890871                     20
                   43.4      2.979983621567818                    0.2    0.01430008134727133                     20
                   43.6      2.192936416023969                    0.2    0.01206196105915718                     20
                   43.8      3.336497897942566                    0.2    0.01159006551336288                     20
                     44      4.448511543759279                    0.2    0.01009379929508191                     20
                   44.2      4.703834499294746                    0.2   0.009891616110404079                     20
                   44.4      4.363768146616598                    0.2   0.009937158618302539                     20
                   44.6       3.43004141229643                    0.2    0.01086857099205308                     20
                   44.8      2.871409710166134                    0.2    0.01434325061845861                     20
                     45       4.78274672253401                    0.2   0.009655141927464474                     20
                   45.2      5.044224305188185                    0.2   0.009167316224919873                     20
                   45.4      4.870152647285395                    0.2   0.009266158968279235                     20
                   45.6      5.128031869520609                    0.2   0.009292570202275799                     20
                   45.8      3.594766558020697                    0.2    0.01051832116096947                     20
                     46      3.326581052332165                    0.2    0.01107531253426866                     20
                   46.2      3.061580788682295                    0.2    0.01298647520448594                     20
                   46.4      3.142121515957324                    0.2    0.01212372709523021                     20
                   46.6       3.86061104725536                    0.2     0.0106850224493702                     20
                   46.8      4.108212008172345                    0.2    0.01040423680307524                     20
                     47      4.415795348084677                    0.2   0.009562794368418098                     20
                   47.2      3.993879348828898                    0.2     0.0103423418131708                     20
                   47.4      3.678872581622119                    0.2    0.01015242448234787                     20
                   47.6      3.132633139084616                    0.2    0.01190486607162936                     20
                   47.8      3.915137063984095                    0.2    0.01008582550247105                     20
                     48      4.109291074388361                    0.2   0.009826634838745003                     20
                   48.2      3.123745213315085                    0.2    0.01169627075774737                     20
                   48.4      3.170065791207658                    0.2    0.01112154956092604                     20
                   48.6       2.99590333671796                    0.2    0.01216326339727727                     20
                   48.8      2.314393246476844                    0.2     0.0125263026129606                     20
                     49      3.809006019501325                    0.2   0.009811821155818273                     20
                   49.2      3.513255960264122                    0.2    0.00967351817385821                     20
                   49.4      3.333028856364209                    0.2   0.009845821265071523                     20
                   49.6      2.622777355426656                    0.2    0.01459745731448109                     20
                   49.8      1.530799824326493                    0.2   0.005719427691694565                     20
                     50       1.86021963351615                    0.2   0.008891529991290125                     20
                   50.2       1.56947271678817                    0.2   0.005315728928441061                     20
                   50.4      1.855190305129873                    0.2   0.008602433481138897                     20
                   50.6      1.614259089343663                    0.2   0.005129071288540723                     20
                   50.8      1.551257358391871                    0.2   0.005302262001465337                     20
                     51      1.581276001079204                    0.2   0.005073906764129156                     20
                   51.2      1.472845687772894                    0.2   0.006311097753900789                     20
                   51.4      1.647533958670363                    0.2   0.005041146631976562                     20
                   51.6      1.584293209113402                    0.2   0.004916142800996916                     20
                   51.8      1.565492157817887                    0.2   0.004951462690027659                     20
                     52      1.698748832495547                    0.2   0.005343800343281878                     20
                   52.2      1.519627754253654                    0.2   0.005283164971397009                     20
                   52.4      1.644382222571297                    0.2   0.004798597597638502                     20
                   52.6      1.496926434193954                    0.2   0.005517100687466254                     20
                   52.8      1.531465749786591                    0.2   0.004998757222491964                     20
                     53      1.500633770467029                    0.2   0.005348619103375953                     20
                   53.2      1.585552844233332                    0.2   0.004558112776216048                     20
                   53.4      2.685453370526653                    0.2    0.01404879451655316                     20
                   53.6       3.10640793185101                    0.2    0.01090839570226567                     20
                   53.8      3.071626074395932                    0.2    0.01091237797378957                     20
                     54      3.475717226128338                    0.2   0.009315664320884681                     20
                   54.2       4.01945660399798                    0.2   0.009607300125470149                     20
                   54.4      4.002975671872519                    0.2   0.009429870879943821                     20
                   54.6      4.882969861325394                    0.2   0.008986946365761814                     20
                   54.8      4.774072686212031                    0.2   0.009057333085704574                     20
                     55       4.15709057796014                    0.2   0.009269572823526445                     20
                   55.2      4.670833291587374                    0.2   0.009029204562816563                     20
                   55.4      4.858646715821989                    0.2   0.008650706015178783                     20
                   55.6      5.218238384305589                    0.2    0.01017790164936547                     20
                   55.8      5.214049529835017                    0.2   0.009905299427282462                     20
                     56      5.180831864744041                    0.2   0.009207614437344537                     20
                   56.2      5.267595607403359                    0.2     0.0106193508961977                     20
                   56.4      4.274733689898397                    0.2   0.009083627766181082                     20
                   56.6      3.569206848085714                    0.2   0.009202622294050781                     20
                   56.8      3.074126316352524                    0.2    0.01063345963657573                     20
                     57      2.935907291866622                    0.2    0.01151916836259584                     20
                   57.2      3.899187251893864                    0.2   0.009126567706829477                     20
                   57.4      5.210350223225936                    0.2   0.009300854578940381                     20
                   57.6      4.518056074793696                    0.2   0.008909532213657688                     20
                   57.8      3.921779866624098                    0.2   0.008951403746670895                     20
                     58      3.588472984490184                    0.2   0.008966801925688684                     20
                   58.2      4.263170780705739                    0.2   0.008792563930361664                     20
                   58.4      5.255588550150252                    0.2   0.009965067436705092                     20
                   58.6      5.078359254977098                    0.2   0.007877759434767253                     20
                   58.8      5.184175433524666                    0.2   0.008492070355693809                     20
                     59      4.758112834110475                    0.2   0.008449024607098905                     20
                   59.2      4.990198341557686                    0.2   0.007652548447225433                     20
                   59.4      4.515335620726315                    0.2   0.008611697474795512                     20
                   59.6       4.11701541646074                    0.2   0.008644476814202972                     20
                   59.8      4.304113116118526                    0.2   0.008463520756729388                     20
                     60      4.521687204184476                    0.2   0.008370803262477586                     20
                   60.2      3.964543888158702                    0.2   0.008558728868919702                     20
                   60.4      5.290548708923216                    0.2    0.01027101899200579                     20
                   60.6      4.525085909368189                    0.2   0.008233436121000283                     20
                   60.8      3.017395616658085                    0.2    0.01060980131336317                     20
                     61      2.922980929693433                    0.2    0.01117157877800902                     20
                   61.2      3.668123616136766                    0.2   0.008785945002213219                     20
                   61.4      4.466598113304198                    0.2   0.008108886859091152                     20
                   61.6       5.16249100961051                    0.2   0.007886682058993479                     20
                   61.8      4.504186867563893                    0.2   0.007980168744921226                     20
                     62      4.071987027686626                    0.2   0.008260497560900614                     20
                   62.2       4.83386346694411                    0.2   0.007833321047171804                     20
                   62.4      5.146641948599438                    0.2   0.007596108656099648                     20
                   62.6      3.154402358819584                    0.2   0.009514149301036171                     20
                   62.8       3.62598287114337                    0.2   0.008621278452950054                     20
                     63      4.231351060501916                    0.2   0.007979240386777992                     20
                   63.2      4.870333883372199                    0.2   0.007589770990370356                     20
                   63.4      4.707995569061207                    0.2   0.007732192787464065                     20
                   63.6      3.164082253113678                    0.2   0.009294360623245457                     20
                   63.8      1.687680236471855                    0.2   0.004942942013060603                     20
                     64      1.780219767589149                    0.2   0.006335501591369845                     20
                   64.2      1.673593456711258                    0.2   0.004710334400754702                     20
      64.40000000000001      1.456550546942965                    0.2   0.006007458195756704                     20
      64.59999999999999        1.6708635707707                    0.2   0.004614718109405001                     20
                   64.8      1.525174460940473                    0.2   0.004747638730886346                     20
                     65      1.581656538956702                    0.2    0.00430604231092934                     20
                   65.2       1.59436480352934                    0.2   0.004241983597966513                     20
      65.40000000000001      1.495490356958933                    0.2   0.005030966503880459                     20
      65.59999999999999      3.019041292084454                    0.2   0.009896385339678484                     20
                   65.8      3.455071398054001                    0.2   0.008486400630400124                     20
                     66      4.336825267244913                    0.2   0.007755704271358468                     20
                   66.2      4.310997838712981                    0.2   0.007661486737144505                     20
      66.40000000000001       4.97507290593696                    0.2   0.007123486342435491                     20
      66.59999999999999      4.087345154921172                    0.2   0.007890573445163673                     20
                   66.8      3.236136515302355                    0.2   0.008732743888999544                     20
                     67      3.882090718005888                    0.2   0.008159679703958252                     20
                   67.2      4.263486594339006                    0.2   0.007500905264878346                     20
      67.40000000000001      4.547291491541793                    0.2    0.00748479709810119                     20
      67.59999999999999      4.723337340379087                    0.2   0.007449134125606105                     20
                   67.8      4.680396372133366                    0.2   0.007342292660277394                     20
                     68      4.782337532551492                    0.2   0.007226571146932828                     20
                   68.2      5.258363287506404                    0.2   0.008997879563612201                     20
      68.40000000000001       5.20166430596823                    0.2   0.007836149638350791                     20
      68.60000000000001      5.040411706004774                    0.2   0.006713961338658346                     20
                   68.8      4.228614144731169                    0.2   0.007377093166492815                     20
                     69      3.307840551049074                    0.2   0.008429612509792111                     20
                   69.2      3.215611643502593                    0.2   0.008513769685490625                     20
      69.40000000000001      1.494463451207848                    0.2   0.004998477000236952                     20
      69.60000000000001      2.434511905380299                    0.2     0.0130177227648715                     20
                   69.8      2.945332706460144                    0.2    0.01015495563180568                     20
                     70      2.774443040519538                    0.2    0.01196475318395949                     20
                   70.2       2.51593954238297                    0.2    0.01303572713124238                     20
      70.40000000000001      2.612520018733507                    0.2    0.01272547528759247                     20
      70.60000000000001      1.683392950748833                    0.2   0.004529068137114236                     20
                   70.8       1.95738620555179                    0.2   0.009743901621477516                     20
                     71      2.629252126979628                    0.2     0.0123606706462248                     20
                   71.2      2.058691487001181                    0.2    0.01063067566514176                     20
      71.40000000000001      2.298701376470586                    0.2    0.01117411570297277                     20
      71.60000000000001       2.24638935748505                    0.2    0.01072770682459441                     20
                   71.8      2.139846425020826                    0.2    0.01032970607617071                     20
                     72      1.529546795913328                    0.2   0.004455292290459021                     20
                   72.2      2.007064439169834                    0.2   0.009683982581865246                     20
      72.40000000000001      2.288561918879593                    0.2    0.01043626062244032                     20
      72.60000000000001      1.669227013565879                    0.2     0.0042640667564547                     20
                   72.8      1.701579123123984                    0.2   0.004524852245824114                     20
                     73      1.436586784683672                    0.2   0.006026202412167078                     20
                   73.2      1.859596855659742                    0.2   0.007183275946112444                     20
      73.40000000000001      1.913322244321678                    0.2   0.008090754355078906                     20
      73.60000000000001      1.489144349020406                    0.2   0.004828679518383777                     20
                   73.8      1.697047916321036                    0.2   0.004310098676419535                     20
                     74      2.001280578646501                    0.2   0.009082604479921241                     20
                   74.2      1.512515084210351                    0.2   0.004414735655721138                     20
      74.40000000000001      1.493493495977915                    0.2   0.004647437729859298                     20
      74.60000000000001      1.631310396279444                    0.2   0.003794539891106183                     20
                   74.8      1.552889221260888                    0.2   0.003921341819367709                     20
                     75      1.516172289081221                    0.2   0.004234809973597687                     20
                   75.2      1.579090303347327                    0.2    0.00372895828864547                     20
      75.40000000000001       1.52767150779854                    0.2    0.00404484781863057                     20
      75.60000000000001      1.508855804231226                    0.2   0.004229268025368309                     20
                   75.8      1.547845510167455                    0.2   0.003807657689270038                     20
                     76      1.619157905191016                    0.2   0.003587810223689569                     20
                   76.2      1.537702965127519                    0.2   0.003834513066475656                     20
      76.40000000000001      1.723905087581662                    0.2   0.004292903212093339                     20
      76.60000000000001      2.275727017409396                    0.2    0.01003782508515512                     20
                   76.8      2.793674437579826                    0.2    0.01095477260002627                     20
                     77      2.719643863763278                    0.2    0.01126595223511282                     20
                   77.2      1.672044389852687                    0.2   0.003743050027016724                     20
      77.40000000000001      1.756847422744914                    0.2   0.004685304943810366                     20
      77.60000000000001      1.827366990023604                    0.2    0.00588700304448825                     20
                   77.8      1.871760474498907                    0.2   0.006679036698056729                     20
                     78      2.221382289245756                    0.2   0.009522650212261905                     20
                   78.2      2.522372594138499                    0.2    0.01133412699957899                     20
      78.40000000000001      4.050813113386046                    0.2   0.007607578562326564                     20
      78.60000000000001      4.723008846493693                    0.2   0.007104170302839435                     20
                   78.8      3.957943259966527                    0.2   0.007714850645827862                     20
                     79      3.038703338980779                    0.2   0.008831796644779668                     20
                   79.2      2.944827790336153                    0.2    0.00922277273004986                     20
      79.40000000000001      2.604414370650801                    0.2    0.01115579787071273                     20
      79.60000000000001      2.702019638984164                    0.2    0.01061086761506691                     20
                   79.8      2.373242868325088                    0.2   0.009992331913065361                     20
                     80      2.471980201365655                    0.2    0.01035490305647708                     20
                   80.2      2.895084620242161                    0.2   0.009193575138077874                     20
      80.40000000000001      1.934783632485204                    0.2   0.007632385603214686                     20
      80.60000000000001      1.767764174329094                    0.2   0.004652481021297283                     20
                   80.8      1.720438101517698                    0.2   0.003993539229107217                     20
                     81      1.472534991191356                    0.2   0.004565682314179113                     20
                   81.2      1.478899673752967                    0.2   0.004410027988830729                     20
      81.40000000000001      1.484512330922621                    0.2   0.004277205730461218                     20
      81.60000000000001      1.534202266734121                    0.2   0.003616410678552594                     20
                   81.8       1.45294943249696                    0.2   0.004812721949587632                     20
                     82      2.071465326383561                    0.2   0.008671154513097983                     20
                   82.2      1.900368929838862                    0.2    0.00677382563239503                     20
      82.40000000000001      1.482255449613978                    0.2    0.00420445386492983                     20
      82.60000000000001      1.448540387355536                    0.2   0.004820456994989895                     20
                   82.8       1.55486989686906                    0.2   0.003341339598641896                     20
                     83      1.540284303689165                    0.2   0.003420250545811961                     20
                   83.2      1.629319766272905                    0.2   0.003167062025070862                     20
      83.40000000000001      3.063239194343072                    0.2   0.008292584183863153                     20
      83.60000000000001      3.710883708977998                    0.2   0.008150670409229944                     20
                   83.8      3.949610609198966                    0.2   0.007561996100961439                     20
                     84      3.415536321061364                    0.2    0.00795738148274323                     20
                   84.2      3.826501447326164                    0.2   0.007724324350486795                     20
      84.40000000000001      3.093162698450913                    0.2   0.008055064239632847                     20
      84.60000000000001      2.127220321685462                    0.2   0.008605618937965855                     20
                   84.8      1.503464620707689                    0.2   0.003755569655992253                     20
                     85      1.523508986593576                    0.2   0.003501677611746393                     20
                   85.2      2.293634029270351                    0.2   0.008999408639843708                     20
      85.40000000000001      2.080383486076286                    0.2   0.008254442292088391                     20
      85.60000000000001      2.897732155716887                    0.2   0.008822114732398911                     20
                   85.8      3.946200341024939                    0.2   0.007363211484785536                     20
                     86      4.236335585817231                    0.2   0.007058188575695109                     20
                   86.2       4.91175469322188                    0.2   0.006779166064654861                     20
      86.40000000000001      4.331606446668794                    0.2   0.006973877669981834                     20
      86.60000000000001      3.454283926045599                    0.2    0.00779872558450269                     20
                   86.8      3.597750348456473                    0.2   0.007762884427472068                     20
                     87      3.697719378222641                    0.2   0.007627245935311612                     20
                   87.2      4.104458536595895                    0.2   0.006948200578346742                     20
      87.40000000000001      3.738134131713146                    0.2   0.007455263371127938                     20
      87.60000000000001      3.893836623223418                    0.2   0.007084219890815752                     20
                   87.8      3.582017872923582                    0.2   0.007433635361193208                     20
                     88      4.852579763763399                    0.2   0.006800039073617927                     20
                   88.2      4.385461297955217                    0.2   0.006856694578469542                     20
      88.40000000000001      2.654457646988712                    0.2    0.01012819190792356                     20
      88.60000000000001      2.185865393615905                    0.2   0.008334801524978308                     20
                   88.8       2.75812185085041                    0.2   0.009450605758859882                     20
                     89      2.605055116877412                    0.2   0.009879922360675092                     20
                   89.2      2.836557579605289                    0.2   0.008730444062829999                     20
      89.40000000000001      2.531851640812384                    0.2   0.009629584376867499                     20
      89.60000000000001      2.643536502534308                    0.2   0.009363848005759312                     20
                   89.8      3.630984735447196                    0.2   0.007301569982519199                     20
                     90      3.972989002293459                    0.2   0.006830802781784281                     20
                   90.2       3.38969257279087                    0.2   0.007408064910596476                     20
      90.40000000000001      4.534146172771764                    0.2   0.006855984712325745                     20
      90.60000000000001      4.812259936925471                    0.2   0.006726194002758884                     20
                   90.8      3.240855392611659                    0.2   0.007487675778505536                     20
                     91      4.166968407659447                    0.2   0.006644106776874771                     20
                   91.2      4.806386830404237                    0.2   0.006643990169504886                     20
      91.40000000000001      5.044330169925781                    0.2   0.006393275220950755                     20
      91.60000000000001      4.436037482050222                    0.2   0.006652981070510977                     20
                   91.8      4.553220184009717                    0.2   0.006605864314739082                     20
                     92      5.253745286156151                    0.2   0.008431734751374823                     20
                   92.2       4.63766749900868                    0.2   0.006518573948747871                     20
      92.40000000000001      4.074936365082043                    0.2   0.006572059551746823                     20
      92.60000000000001      5.278138801249631                    0.2   0.008844626153107755                     20
                   92.8      4.709690707929684                    0.2   0.006427242227651794                     20
                     93      4.809331196211985                    0.2   0.006323126308686892                     20
                   93.2      4.139020491753071                    0.2   0.006444186632011593                     20
      93.40000000000001       3.56524167402123                    0.2   0.007122273115025288                     20
      93.60000000000001       2.63966239420931                    0.2   0.009204207411449011                     20
                   93.8      2.245777540905095                    0.2   0.008246788330265499                     20
                     94      2.227809180529682                    0.2   0.008071885331769314                     20
                   94.2      2.310753576295205                    0.2   0.008221344891782573                     20
      94.40000000000001      2.178377342209445                    0.2   0.007773600790489972                     20
      94.60000000000001      4.151626940687846                    0.2   0.006356764450161389                     20
                   94.8      5.045369000825741                    0.2   0.006132046279408826                     20
                     95      5.207122675940598                    0.2   0.007251509212157588                     20
                   95.2      5.184041532524583                    0.2   0.006836313339286778                     20
      95.40000000000001      5.239407877307123                    0.2   0.007597510963870779                     20
      95.60000000000001      4.789352215068169                    0.2   0.006192660719032302                     20
                   95.8      4.510122291180075                    0.2    0.00630636764892997                     20
                     96      4.060518865029546                    0.2   0.006344983249707236                     20
                   96.2      3.151532850202857                    0.2   0.007458177297984641                     20
      96.40000000000001      3.398404995817376                    0.2   0.007096100678713709                     20
      96.60000000000001      3.697380976945486                    0.2   0.006912586028783487                     20
                   96.8      3.740491279756391                    0.2   0.006778531941620077                     20
                     97      3.227747194521664                    0.2   0.007189821317345848                     20
                   97.2      3.354086577787476                    0.2   0.006930268523940721                     20
      97.40000000000001      3.862513664876774                    0.2   0.006500486908452465                     20
      97.60000000000001      3.490301111641588                    0.2    0.00672316347422985                     20
                   97.8       3.70518110969405                    0.2   0.006592491598733914                     20
                     98      3.416940405739981                    0.2    0.00665666292551619                     20
                   98.2      3.307139415106208                    0.2   0.006748183694015728                     20
      98.40000000000001      3.660176419639567                    0.2   0.006473602906316672                     20
      98.60000000000001      3.309507589497695                    0.2    0.00663833992195595                     20
                   98.8      3.528332542187949                    0.2   0.006340744161849584                     20
                     99      3.968710548291952                    0.2   0.006194335600874229                     20
                   99.2      4.034418932992589                    0.2   0.006088990202317363                     20
      99.40000000000001      4.036065368459048                    0.2   0.006017281599932253                     20
      99.60000000000001       3.52076067826566                    0.2   0.006251592359531258                     20
                   99.8      3.110287145892304                    0.2   0.007060097433449436                     20
                    100      3.800027737834106                    0.2   0.006153764505794904                     20
